$ iostat
Linux 4.15.0-24-generic (jbox) 	07/11/2018 	_x86_64_	(2 CPU)

avg-cpu:  %user   %nice %system %iowait  %steal   %idle
           7.84    0.07    1.09    0.02    0.00   90.98

Device             tps    kB_read/s    kB_wrtn/s    kB_read    kB_wrtn
loop0             0.00         0.00         0.00        120          0
loop1             0.00         0.01         0.00        348          0
loop2             0.00         0.03         0.00       1036          0
loop3             0.00         0.00         0.00        112          0
loop4             0.00         0.00         0.00        115          0
loop5             0.00         0.00         0.00        119          0
loop6             0.00         0.01         0.00        350          0
loop7             0.00         0.01         0.00        350          0
scd0              0.00         0.01         0.00        186          0
sda               1.76        29.39        27.75     913745     862880
loop8             0.00         0.03         0.00       1082          0
loop9             0.00         0.00         0.00        110          0
loop10            0.01         0.02         0.00        678          0
loop11            0.00         0.00         0.00        116          0
loop12            0.00         0.04         0.00       1172          0
loop13            0.00         0.01         0.00        347          0
loop14            0.26         0.29         0.00       9029          0
loop15            0.00         0.01         0.00        348          0
loop16            0.00         0.04         0.00       1114          0
loop17            0.00         0.03         0.00       1048          0
loop18            0.00         0.00         0.00          8          0

